1 0.1379310344827586 0.17241379310344826
2 0.14814814814814814 0.1851851851851852
3 0.3684210526315789 0.3684210526315789
4 0.125 0.125
5 0.17647058823529416 0.17647058823529416
6 0.11764705882352941 0.11764705882352941
7 0.1142857142857143 0.17142857142857143
8 0.1951219512195122 0.2439024390243902
9 0.1212121212121212 0.18181818181818182
10 0.2631578947368421 0.2631578947368421
11 0.10810810810810811 0.10810810810810811
12 0.17142857142857143 0.17142857142857143
13 0.0 0.0
14 0.125 0.125
15 0.125 0.125
16 0.0606060606060606 0.1212121212121212
17 0.0625 0.0625
18 0.0606060606060606 0.1212121212121212
19 0.0 0.0
20 0.0 0.20512820512820512
21 0.0 0.0
22 0.0 0.0
23 0.3548387096774193 0.38709677419354843
24 0.1212121212121212 0.18181818181818182
25 0.15384615384615383 0.2564102564102564
26 0.1111111111111111 0.1111111111111111
27 0.1212121212121212 0.0606060606060606
28 0.0 0.0
29 0.2564102564102564 0.30769230769230765
30 0.10810810810810811 0.10810810810810811
31 0.0 0.0
32 0.0 0.0
33 0.1212121212121212 0.18181818181818182
34 0.2777777777777778 0.2777777777777778
35 0.0606060606060606 0.0606060606060606
36 0.0 0.0
37 0.2564102564102564 0.30769230769230765
38 0.05 0.05
39 0.27906976744186046 0.27906976744186046
40 0.09523809523809522 0.09523809523809522
41 0.18181818181818182 0.18181818181818182
42 0.17142857142857143 0.2285714285714286
43 0.2777777777777778 0.2777777777777778
44 0.0 0.0
45 0.19047619047619044 0.19047619047619044
46 0.13333333333333333 0.17777777777777776
47 0.36363636363636365 0.4090909090909091
48 0.0975609756097561 0.0975609756097561
49 0.125 0.125
50 0.05555555555555555 0.05555555555555555
51 0.35 0.35
52 0.23529411764705882 0.23529411764705882
53 0.25 0.25
54 0.0 0.10256410256410256
55 0.3 0.3
56 0.0 0.05
57 0.13636363636363638 0.22727272727272724
58 0.05128205128205128 0.10256410256410256
59 0.23529411764705882 0.17647058823529416
60 0.17142857142857143 0.17142857142857143
61 0.1142857142857143 0.17142857142857143
62 0.0 0.0
63 0.0 0.0
64 0.125 0.125
65 0.31111111111111117 0.3555555555555555
66 0.0 0.05714285714285715
67 0.4545454545454545 0.4545454545454545
68 0.05714285714285715 0.05714285714285715
69 0.0 0.05714285714285715
70 0.05 0.05
71 0.10526315789473685 0.10526315789473685
72 0.25531914893617025 0.2978723404255319
73 0.32 0.32
74 0.2222222222222222 0.2222222222222222
75 0.05714285714285715 0.05714285714285715
76 0.0 0.05405405405405406
77 0.2222222222222222 0.2222222222222222
78 0.18181818181818182 0.18181818181818182
79 0.1142857142857143 0.1142857142857143
80 0.058823529411764705 0.11764705882352941
81 0.125 0.125
82 0.17142857142857143 0.17142857142857143
83 0.0 0.058823529411764705
84 0.1951219512195122 0.1951219512195122
85 0.0 0.0
86 0.125 0.125
87 0.0 0.0
88 0.33333333333333337 0.33333333333333337
89 0.0 0.05555555555555555
90 0.0 0.046511627906976744
91 0.15384615384615383 0.20512820512820512
92 0.4651162790697674 0.4651162790697674
93 0.0 0.06451612903225806
94 0.28571428571428575 0.28571428571428575
95 0.125 0.125
96 0.27906976744186046 0.27906976744186046
97 0.2 0.2
98 0.0 0.0
99 0.17647058823529416 0.17647058823529416
100 0.20512820512820512 0.15384615384615383
101 0.33333333333333337 0.33333333333333337
102 0.11764705882352941 0.11764705882352941
103 0.0625 0.0625
104 0.1142857142857143 0.0
105 0.2857142857142857 0.2857142857142857
106 0.2857142857142857 0.2857142857142857
107 0.21621621621621623 0.21621621621621623
108 0.16216216216216217 0.21621621621621623
109 0.05714285714285715 0.05714285714285715
110 0.058823529411764705 0.058823529411764705
111 0.32432432432432434 0.32432432432432434
112 0.0625 0.0625
113 0.0 0.058823529411764705
114 0.058823529411764705 0.058823529411764705
115 0.058823529411764705 0.058823529411764705
116 0.05714285714285715 0.1142857142857143
117 0.125 0.0625
118 0.1212121212121212 0.1212121212121212
119 0.06451612903225806 0.06451612903225806
120 0.35897435897435903 0.35897435897435903
121 0.32432432432432434 0.2702702702702703
122 0.2564102564102564 0.20512820512820512
123 0.0 0.0625
124 0.0 0.0
125 0.42553191489361697 0.46808510638297873
126 0.10526315789473685 0.10526315789473685
127 0.17142857142857143 0.1142857142857143
128 0.0 0.0625
129 0.21621621621621623 0.21621621621621623
130 0.17142857142857143 0.17142857142857143
131 0.4210526315789474 0.4210526315789474
132 0.5777777777777778 0.5333333333333333
133 0.2702702702702703 0.21621621621621623
134 0.125 0.125
135 0.4210526315789474 0.4210526315789474
136 0.1212121212121212 0.0606060606060606
137 0.23529411764705882 0.11764705882352941
138 0.125 0.125
139 0.0 0.0
140 0.1111111111111111 0.1111111111111111
141 0.1111111111111111 0.1111111111111111
142 0.06451612903225806 0.06451612903225806
143 0.125 0.125
144 0.33333333333333337 0.33333333333333337
145 0.10810810810810811 0.16216216216216217
146 0.125 0.125
147 0.25 0.3
148 0.2222222222222222 0.2222222222222222
149 0.34146341463414637 0.34146341463414637
150 0.125 0.125
151 0.05714285714285715 0.05714285714285715
152 0.0 0.0
153 0.0 0.0
154 0.125 0.125
155 0.16666666666666669 0.16666666666666669
156 0.4090909090909091 0.4545454545454545
157 0.11594202898550725 0.14492753623188406
158 0.2105263157894737 0.2105263157894737
159 0.052631578947368425 0.10526315789473685
160 0.05714285714285715 0.05714285714285715
161 0.1111111111111111 0.16666666666666669
162 0.0 0.0
163 0.1212121212121212 0.1212121212121212
164 0.2105263157894737 0.2105263157894737
165 0.125 0.125
166 0.0 0.0
167 0.125 0.0625
168 0.125 0.125
169 0.17647058823529416 0.17647058823529416
170 0.2222222222222222 0.2222222222222222
171 0.1212121212121212 0.18181818181818182
172 0.17647058823529416 0.17647058823529416
173 0.125 0.125
174 0.05714285714285715 0.05714285714285715
175 0.1142857142857143 0.1142857142857143
176 0.10810810810810811 0.10810810810810811
177 0.2857142857142857 0.2857142857142857
178 0.23529411764705882 0.23529411764705882
179 0.058823529411764705 0.058823529411764705
180 0.32432432432432434 0.32432432432432434
181 0.05714285714285715 0.05714285714285715
182 0.125 0.125
183 0.5116279069767441 0.5116279069767441
184 0.16216216216216217 0.21621621621621623
185 0.41025641025641024 0.41025641025641024
186 0.21739130434782608 0.21739130434782608
187 0.16666666666666669 0.16666666666666669
188 0.34146341463414637 0.29268292682926833
189 0.20512820512820512 0.15384615384615383
190 0.2857142857142857 0.2857142857142857
191 0.41860465116279066 0.5116279069767441
192 0.17647058823529416 0.23529411764705882
193 0.41025641025641024 0.41025641025641024
194 0.2222222222222222 0.2222222222222222
195 0.1212121212121212 0.1212121212121212
196 0.23809523809523808 0.23809523809523808
197 0.18181818181818182 0.18181818181818182
198 0.11764705882352941 0.17647058823529416
199 0.15789473684210528 0.15789473684210528
200 0.18181818181818182 0.18181818181818182
201 0.08695652173913045 0.1739130434782609
202 0.09090909090909091 0.13636363636363638
203 0.18181818181818182 0.18181818181818182
204 0.13636363636363638 0.13636363636363638
205 0.125 0.125
206 0.0 0.0
207 0.05714285714285715 0.05714285714285715
208 0.05555555555555555 0.1111111111111111
209 0.0 0.04761904761904761
210 0.16666666666666669 0.16666666666666669
211 0.2439024390243902 0.29268292682926833
212 0.3181818181818182 0.3181818181818182
213 0.34146341463414637 0.34146341463414637
214 0.11764705882352941 0.11764705882352941
215 0.0625 0.0625
216 0.0 0.0
217 0.26666666666666666 0.2222222222222222
218 0.2222222222222222 0.26666666666666666
219 0.04166666666666667 0.04166666666666667
220 0.163265306122449 0.24489795918367346
221 0.25 0.25
222 0.41025641025641024 0.41025641025641024
223 0.17647058823529416 0.17647058823529416
224 0.15789473684210528 0.2105263157894737
225 0.11111111111111112 0.11111111111111112
  34.98165683066984 37.413359742647756
  0.15547403035853263 0.16628159885621224
