1 0.14285714285714285 0.17857142857142858
2 0.16666666666666666 0.20833333333333334
3 0.875 0.875
4 1.0 1.0
5 0.75 0.75
6 0.5 0.5
7 0.4 0.6
8 0.36363636363636365 0.45454545454545453
9 0.6666666666666666 1.0
10 0.625 0.625
11 0.2857142857142857 0.2857142857142857
12 0.6 0.6
13 0.0 0.0
14 1.0 1.0
15 1.0 1.0
16 0.3333333333333333 0.6666666666666666
17 0.5 0.5
18 0.3333333333333333 0.6666666666666666
19 0.0 0.0
20 0.0 0.4444444444444444
21 0.0 0.0
22 0.0 0.0
23 0.34375 0.375
24 0.6666666666666666 1.0
25 0.3333333333333333 0.5555555555555556
26 0.3333333333333333 0.3333333333333333
27 0.6666666666666666 0.3333333333333333
28 0.0 0.0
29 0.5555555555555556 0.6666666666666666
30 0.2857142857142857 0.2857142857142857
31 0.0 0.0
32 0.0 0.0
33 0.6666666666666666 1.0
34 0.8333333333333334 0.8333333333333334
35 0.3333333333333333 0.3333333333333333
36 0.0 0.0
37 0.5555555555555556 0.6666666666666666
38 0.1 0.1
39 0.46153846153846156 0.46153846153846156
40 0.16666666666666666 0.16666666666666666
41 1.0 1.0
42 0.6 0.8
43 0.8333333333333334 0.8333333333333334
44 0.0 0.0
45 0.3333333333333333 0.3333333333333333
46 0.2 0.26666666666666666
47 0.5714285714285714 0.6428571428571429
48 0.18181818181818182 0.18181818181818182
49 1.0 1.0
50 0.16666666666666666 0.16666666666666666
51 0.7 0.7
52 1.0 1.0
53 0.5 0.5
54 0.0 0.2222222222222222
55 0.6 0.6
56 0.0 0.1
57 0.21428571428571427 0.35714285714285715
58 0.1111111111111111 0.2222222222222222
59 1.0 0.75
60 0.6 0.6
61 0.4 0.6
62 0.0 0.0
63 0.0 0.0
64 1.0 1.0
65 0.4666666666666667 0.5333333333333333
66 0.0 0.2
67 0.7142857142857143 0.7142857142857143
68 0.2 0.2
69 0.0 0.2
70 0.1 0.1
71 0.25 0.25
72 0.35294117647058826 0.4117647058823529
73 0.4 0.4
74 0.6666666666666666 0.6666666666666666
75 0.2 0.2
76 0.0 0.14285714285714285
77 0.6666666666666666 0.6666666666666666
78 1.0 1.0
79 0.4 0.4
80 0.25 0.5
81 1.0 1.0
82 0.6 0.6
83 0.0 0.25
84 0.36363636363636365 0.36363636363636365
85 0.0 0.0
86 1.0 1.0
87 0.0 0.0
88 1.0 1.0
89 0.0 0.16666666666666666
90 0.0 0.07692307692307693
91 0.3333333333333333 0.4444444444444444
92 0.7692307692307693 0.7692307692307693
93 0.0 1.0
94 0.5 0.5
95 1.0 1.0
96 0.46153846153846156 0.46153846153846156
97 0.4 0.4
98 0.0 0.0
99 0.75 0.75
100 0.4444444444444444 0.3333333333333333
101 1.0 1.0
102 0.5 0.5
103 0.5 0.5
104 0.4 0.0
105 1.0 1.0
106 1.0 1.0
107 0.5714285714285714 0.5714285714285714
108 0.42857142857142855 0.5714285714285714
109 0.2 0.2
110 0.25 0.25
111 0.8571428571428571 0.8571428571428571
112 0.5 0.5
113 0.0 0.25
114 0.25 0.25
115 0.25 0.25
116 0.2 0.4
117 1.0 0.5
118 0.6666666666666666 0.6666666666666666
119 1.0 1.0
120 0.7777777777777778 0.7777777777777778
121 0.8571428571428571 0.7142857142857143
122 0.5555555555555556 0.4444444444444444
123 0.0 0.5
124 0.0 0.0
125 0.5882352941176471 0.6470588235294118
126 0.25 0.25
127 0.6 0.4
128 0.0 0.5
129 0.5714285714285714 0.5714285714285714
130 0.6 0.6
131 1.0 1.0
132 0.8666666666666667 0.8
133 0.7142857142857143 0.5714285714285714
134 1.0 1.0
135 1.0 1.0
136 0.6666666666666666 0.3333333333333333
137 1.0 0.5
138 1.0 1.0
139 0.0 0.0
140 0.3333333333333333 0.3333333333333333
141 0.3333333333333333 0.3333333333333333
142 1.0 1.0
143 1.0 1.0
144 1.0 1.0
145 0.2857142857142857 0.42857142857142855
146 1.0 1.0
147 0.5 0.6
148 0.6666666666666666 0.6666666666666666
149 0.6363636363636364 0.6363636363636364
150 1.0 1.0
151 0.2 0.2
152 0.0 0.0
153 0.0 0.0
154 1.0 1.0
155 0.5 0.5
156 0.6428571428571429 0.7142857142857143
157 0.10256410256410256 0.1282051282051282
158 0.5 0.5
159 0.125 0.25
160 0.2 0.2
161 0.3333333333333333 0.5
162 0.0 0.0
163 0.6666666666666666 0.6666666666666666
164 0.5 0.5
165 1.0 1.0
166 0.0 0.0
167 1.0 0.5
168 1.0 1.0
169 0.75 0.75
170 0.6666666666666666 0.6666666666666666
171 0.6666666666666666 1.0
172 0.75 0.75
173 1.0 1.0
174 0.2 0.2
175 0.4 0.4
176 0.2857142857142857 0.2857142857142857
177 1.0 1.0
178 1.0 1.0
179 0.25 0.25
180 0.8571428571428571 0.8571428571428571
181 0.2 0.2
182 1.0 1.0
183 0.8461538461538461 0.8461538461538461
184 0.42857142857142855 0.5714285714285714
185 0.8888888888888888 0.8888888888888888
186 0.3125 0.3125
187 0.5 0.5
188 0.6363636363636364 0.5454545454545454
189 0.4444444444444444 0.3333333333333333
190 1.0 1.0
191 0.6923076923076923 0.8461538461538461
192 0.75 1.0
193 0.8888888888888888 0.8888888888888888
194 0.6666666666666666 0.6666666666666666
195 0.6666666666666666 0.6666666666666666
196 0.4166666666666667 0.4166666666666667
197 1.0 1.0
198 0.5 0.75
199 0.375 0.375
200 1.0 1.0
201 0.125 0.25
202 0.14285714285714285 0.21428571428571427
203 0.2857142857142857 0.2857142857142857
204 0.21428571428571427 0.21428571428571427
205 1.0 1.0
206 0.0 0.0
207 0.2 0.2
208 0.16666666666666666 0.3333333333333333
209 0.0 0.08333333333333333
210 0.5 0.5
211 0.45454545454545453 0.5454545454545454
212 0.5 0.5
213 0.6363636363636364 0.6363636363636364
214 0.5 0.5
215 0.5 0.5
216 0.0 0.0
217 0.4 0.3333333333333333
218 0.3333333333333333 0.4
219 0.05555555555555555 0.05555555555555555
220 0.21052631578947367 0.3157894736842105
221 0.3333333333333333 0.3333333333333333
222 0.8888888888888888 0.8888888888888888
223 0.75 0.75
224 0.375 0.5
225 0.125 0.125
  109.02948958291456 116.00954057552353
  0.48457550925739806 0.5155979581134379
